AUC of the method, Aligning Latent Spaces for 3D Hand Pose Estimation

RHD

pck_curve

[0.         0.09092813 0.2198782  0.36093807 0.49493099 0.61253904
 0.70552618 0.77581183 0.82908444 0.8704741  0.89921304 0.92200178
 0.93959064 0.95375944 0.96321695 0.9715577  0.97776963 0.98258563
 0.9857614  0.98855328]

threshs

 [ 0.          2.63157895  5.26315789  7.89473684 10.52631579 13.15789474
 15.78947368 18.42105263 21.05263158 23.68421053 26.31578947 28.94736842
 31.57894737 34.21052632 36.84210526 39.47368421 42.10526316 44.73684211
 47.36842105 50.        ]

STB

pck_curve

 [0.         0.19173016 0.44801587 0.65598413 0.79346032 0.8781746
 0.92895238 0.95992063 0.97728571 0.98715873 0.99319048 0.99615873
 0.9978254  0.99865079 0.99914286 0.99946032 0.99965079 0.99969841
 0.99971429 0.99977778]

threshs

[ 0.          2.63157895  5.26315789  7.89473684 10.52631579 13.15789474
 15.78947368 18.42105263 21.05263158 23.68421053 26.31578947 28.94736842
 31.57894737 34.21052632 36.84210526 39.47368421 42.10526316 44.73684211
 47.36842105 50.        ]